jt.Var([[20.       19.206335 19.06221  19.09663  18.934841 19.181046 18.977144
         19.10394  19.116625 19.100754]
        [19.206335 20.000002 19.702595 19.733204 19.701382 19.803057 18.81164
         19.784868 19.739368 19.673477]
        [19.062202 19.70259  20.       19.775942 19.664057 19.76352  18.867863
         19.811342 19.806536 19.704483]
        [19.096624 19.733212 19.775946 19.999998 19.65554  19.826464 18.954199
         19.790094 19.795652 19.663269]
        [18.934832 19.701382 19.664057 19.655537 20.000004 19.702719 18.773354
         19.744862 19.675901 19.558702]
        [19.181044 19.80306  19.76352  19.826452 19.702717 20.       18.828915
         19.810799 19.796427 19.687378]
        [18.977146 18.811644 18.867865 18.954205 18.773348 18.82892  19.999996
         18.963005 18.927837 19.015266]
        [19.103933 19.784868 19.811342 19.790094 19.744864 19.8108   18.963007
         20.000008 19.812449 19.747553]
        [19.116632 19.739368 19.806541 19.795656 19.675907 19.796432 18.927837
         19.812452 20.000008 19.76942 ]
        [19.100756 19.67348  19.704493 19.66327  19.558695 19.68737  19.015268
         19.747555 19.769419 20.000004]], dtype=float32)